1 -59 -74 38
2 2013 -1056 172
3 1977 -1060 91
4 2027 -1056 94
5 2033 -1049 94
6 2033 -1059 100
7 2030 -1032 99
8 2051 -1048 110
9 2087 -1051 130
10 2040 -1064 109
11 2181 -1052 -157
12 2196 -1053 -143
13 2212 -1053 -137
14 2236 -1045 -130
15 2094 -1064 -179
16 2015 -1081 155
17 1674 -1063 91
18 1481 -1045 91
19 1420 -1042 90
20 1342 -1044 91
21 1075 -1050 87
22 995 -1053 92
23 897 -1046 89
24 814 -1045 90
25 1169 -1044 89
26 1241 -1048 90
27 1548 -1052 91
28 1618 -1058 88
29 1738 -1074 90
30 1876 -1071 92
31 1902 -1061 91
32 2005 -1059 92
33 2080 -1110 -177
34 2049 -1051 180
35 2127 -1102 -174
36 2100 -1109 -180
37 2148 -1095 -166
38 2158 -1080 -158
39 2166 -1066 -159
40 2068 -1076 129
41 2094 -1037 125
42 2072 -1034 116
43 2032 -1046 99
44 1954 -1061 90
45 1926 -1059 91
46 1785 -1073 90
47 1841 -1075 90
48 2091 -1092 -177
49 2043 -1106 127
50 2034 -1119 144
51 2028 -1104 149
52 -825 -19 92
53 -718 -20 94
54 -605 -16 88
55 -456 -9 91
56 -167 -14 90
57 -345 -14 90
58 -256 -21 92
59 -2077 -42 89
60 -1914 -41 89
61 -1746 -30 89
62 -1677 -25 92
63 -1540 -30 89
64 -1611 -25 90
65 -1466 -30 90
66 -1390 -26 90
67 -1243 -12 92
68 -1293 -15 89
69 -1352 -11 87
70 -1174 -9 90
71 -1095 -12 89
72 -1020 -13 89
73 -975 -19 88
74 -894 -19 90
75 -2158 -40 90
76 -2161 -39 89
77 -2154 -50 86
78 -2098 -41 90
79 -2157 -46 87
80 -2140 -36 89
81 -2043 -41 92
82 -2001 -41 92
83 -1956 -41 90
84 -1869 -42 91
85 -1816 -39 89
86 -2080 -44 -3
87 -1902 -67 -66
88 -1879 -75 -47
89 -1935 -43 -52
90 -2000 -68 -23
91 -1935 -59 -34
92 -1906 -60 -35
93 -1863 -81 -53
94 -1867 -56 -78
95 -1872 -67 -88
96 -1885 -86 -77
97 -1839 -47 -74
98 -1826 -57 -66
99 -1863 -36 -76
100 -1883 -86 -73
101 264 -77 -87
102 -1922 -58 -64
103 -2121 -57 64
104 -2158 -60 48
105 -2128 -81 41
106 -2114 -35 60
107 -2049 -21 -0
108 -2014 -12 -4
109 -2005 -50 -0
110 -2062 -72 19
111 -2069 -76 26
112 -2095 -57 36
113 -2066 -70 11
114 -1963 -63 -30
115 -1979 -64 -30
116 -1922 -36 -48
117 -1877 -69 -49
118 -1437 -51 -91
119 -1584 -58 -92
120 -1649 -57 -89
121 -1699 -56 -86
122 -1873 -21 -90
123 -1889 -5 -87
124 -1863 -35 -92
125 -1862 -34 -92
126 -1974 -32 -87
127 -1805 -58 -86
128 -1769 -54 -85
129 -1862 -35 -92
130 -1883 -74 -81
131 -1844 -34 -92
132 -1878 -77 -68
133 -1840 -86 -66
134 -1832 -70 -66
135 84 -49 -87
136 124 -60 -90
137 43 -57 -83
138 56 -50 -86
139 -245 -62 -90
140 -464 -58 -90
141 -684 -65 -92
142 -806 -59 -91
143 -929 -64 -90
144 -1075 -66 -92
145 -1149 -64 -91
146 -1256 -55 -89
147 -1002 -65 -90
148 -1227 -57 -93
149 -1504 -52 -92
150 -1550 -55 -93
151 290 -85 -94
152 -617 -63 -90
153 -421 -58 -93
154 -282 -63 -89
155 -378 -56 -88
156 -307 -62 -91
157 -197 -63 -90
158 -161 -65 -90
159 -90 -71 -89
160 21 -65 -89
161 228 -242 -90
162 220 -275 -48
163 227 -766 0
164 225 -843 2
165 222 -891 -1
166 208 -203 180
167 168 -242 -177
168 145 -781 -177
169 172 -792 -179
170 171 -739 -179
171 175 -848 179
172 173 -903 176
173 175 -939 -167
174 169 -1011 -150
175 -23 -1020 -177
176 -9 -1063 -176
177 1 -1088 -177
178 22 -1095 -176
179 189 -107 -172
180 206 -122 179
181 159 -269 178
182 154 -295 -176
183 136 -605 -180
184 138 -419 -179
185 146 -313 -179
186 157 -375 180
187 134 -257 180
188 183 -587 -180
189 169 -706 180
190 172 -657 177
191 163 -439 -177
192 175 -518 -178
193 232 -226 -72
194 224 -214 -90
195 219 -112 -89
196 274 -124 -88
197 220 -64 -123
198 233 -60 -137
199 259 -96 -120
200 243 -88 -121
201 272 -171 -95
202 180 -103 -166
203 201 -114 -178
204 208 -173 -179
205 205 -226 179
206 208 -143 180
207 225 -214 -91
208 225 -214 -91
209 227 -215 -91
210 218 -222 -77
211 241 -234 -59
212 213 -209 -87
213 225 -245 -90
214 230 -189 -98
215 189 -217 -88
216 237 -227 -70
217 201 -88 -152
218 224 -132 -102
219 267 -147 -105
220 192 -1026 -1
221 204 -1029 -40
222 146 -1058 -1
223 222 -728 0
224 225 -680 3
225 225 -651 1
226 225 -615 2
227 221 -559 0
228 222 -526 2
229 215 -441 2
230 226 -372 -1
231 225 -322 -12
232 221 -297 -33
233 225 -218 -90
234 173 -1057 -49
235 198 -1082 -68
236 183 -1063 -88
237 133 -1053 -84
238 421 -1046 -91
239 197 -1072 -21
240 191 -1039 -45
241 183 -1075 -12
242 220 -1024 -1
243 240 -1021 -0
244 228 -963 -3
245 248 -998 -2
246 220 -935 -1
247 214 -1031 -31
248 168 -1075 -1
249 98 -1047 -178
250 94 -1020 -178
251 29 -1040 -180
252 26 -1071 -178
253 49 -1073 -172
254 23 -1063 -174
255 67 -1054 -173
256 130 -1011 180
257 151 -1016 -178
258 176 -985 -157
259 176 -1068 -128
260 164 -1037 -143
261 181 -1048 -103
262 160 -1073 -53
263 172 -1087 -61
264 150 -1065 -85
265 129 -1050 -84
266 189 -1061 -80
267 166 -1051 -88
268 206 -1053 -90
269 136 -1048 -87
270 169 -1049 -111
271 97 -1018 -179
272 23 -1018 -178
273 -4 -1006 -178
274 77 -1039 -132
275 49 -1013 179
276 97 -1065 -177
277 97 -1075 -177
278 2212 -1051 -90
279 2306 -1056 -96
280 2254 -1028 -120
281 2246 -1038 -127
282 213 -214 -90
283 2087 -1054 -90
284 2298 -1058 -90
285 1944 -1059 -88
286 1655 -1064 -90
287 1408 -1049 -91
288 1362 -1051 -90
289 1304 -1057 -90
290 1299 -1055 -89
291 992 -1060 -88
292 264 -1042 -87
293 157 -1029 -114
294 201 -1048 -89
295 1743 -1060 -89
296 1846 -1062 -92
297 2018 -1055 -87
298 2153 -1054 -91
299 2273 -1060 -91
300 2272 -1030 -107
301 2290 -1048 -100
302 2250 -1032 -123
303 0 -10 -1
304 10 -1 -2
305 326 -1040 -86
306 194 -1044 -96
307 214 -1047 -87
308 178 -1044 -87
309 486 -1050 -90
310 570 -1054 -88
311 667 -1053 -91
312 761 -1051 -89
313 875 -1052 -93
314 1111 -1056 -90
315 1205 -1056 -91
316 1468 -1044 -89
317 1545 -1053 -87
318 1785 -1059 -90
319 35 -49 -1
320 32 -0 -2
321 41 -1 -1
322 58 -1 1
323 36 -4 -1
324 -75 -70 45
325 -70 -64 47
326 -65 -72 42
327 -50 -62 41
328 -55 -56 64
329 -69 -42 73
330 -67 -44 66
331 49 -11 -0
332 4 -13 -1
333 -10 -54 -1
334 2 -59 -1
335 -32 -43 34
336 -24 -43 34
337 -10 -54 -1
338 10 -53 -1
339 -16 -45 34
340 92 -31 1
341 88 -32 3
342 77 -26 -7
343 57 -9 -41
344 52 -20 2
345 15 -57 -1
346 43 -53 -1
347 42 -53 -1
348 0 -49 -0
349 6 -44 -1
350 -10 -55 0
351 -7 -51 -1
352 -43 -51 41
353 14 -55 -1
354 48 -50 0
355 43 -54 -1
356 40 -52 0
357 58 -24 1
358 21 -46 1
359 43 -54 -1
360 23 -45 3
361 29 -52 -4
362 4 -49 18
363 2 0 -1
364 -14 -19 -2
365 34 -41 -2
366 37 -43 -0
367 43 -54 -0
368 44 -54 -3
369 -0 -0 -0
370 -13 -8 2
371 -10 -1 -0
372 -7 -2 -1
373 -5 -5 -3
374 4 -0 -1